1.1411327123641968
1.1170282363891602
1.0938125848770142
1.1934854984283447
1.1827867031097412
1.1688096523284912
1.1008450984954834
1.091149926185608
1.0766246318817139
1.101981520652771
1.0930544137954712
1.0789421796798706
1.1823784112930298
1.1685746908187866
1.1486494541168213
1.0851281881332397
1.0797327756881714
1.071069598197937
1.0983775854110718
1.0937963724136353
1.0875269174575806
1.1182233095169067
1.1110754013061523
1.1001454591751099
1.2370752096176147
1.2330633401870728
1.2263964414596558
1.1163591146469116
1.1104896068572998
1.1013842821121216
1.1958844661712646
1.188118815422058
1.1763379573822021
1.1789406538009644
1.1649898290634155
1.1436129808425903
1.2757573127746582
1.2697138786315918
1.2608914375305176
1.1708742380142212
1.1662570238113403
1.1593213081359863
1.2275786399841309
1.2233555316925049
1.2163314819335938
1.0989898443222046
1.0950770378112793
1.0891209840774536
1.1435976028442383
1.1391505002975464
1.132875680923462
1.1841427087783813
1.180202841758728
1.1741447448730469
1.0907779932022095
1.0846999883651733
1.0760895013809204
1.0697636604309082
1.0639079809188843
1.0545501708984375
1.1365538835525513
1.1301428079605103
1.1200292110443115
1.0822135210037231
1.075026273727417
1.063747763633728
1.110364556312561
1.0958333015441895
1.0761308670043945
1.1566399335861206
1.15533447265625
1.1505656242370605
1.0891873836517334
1.0847705602645874
1.0784943103790283
1.1454946994781494
1.140777826309204
1.1325312852859497
1.1809571981430054
1.1780611276626587
1.1724416017532349
1.1560238599777222
1.149924397468567
1.1407462358474731
1.1877238750457764
1.1809825897216797
1.1702898740768433
1.1706680059432983
1.163482666015625
1.1524419784545898
1.2735447883605957
1.272097110748291
1.2684903144836426
1.2543188333511353
1.2521734237670898
1.248046636581421
1.1647772789001465
1.1618025302886963
1.156602144241333
1.1124422550201416
1.1062285900115967
1.0966383218765259
1.1766526699066162
1.1703709363937378
1.1630949974060059
1.101593017578125
1.0944334268569946
1.082751989364624
1.2467042207717896
1.2408207654953003
1.2323410511016846
1.194648265838623
1.1905874013900757
1.1833988428115845
1.2274473905563354
1.224109411239624
1.2188814878463745
1.1554830074310303
1.153018593788147
1.1488951444625854
1.099446415901184
1.0974770784378052
1.0933078527450562
1.121988296508789
1.1189037561416626
1.1132303476333618
1.2192323207855225
1.2173707485198975
1.214066505432129
1.3134275674819946
1.3068187236785889
1.2959599494934082
1.0610072612762451
1.0578316450119019
1.0521427392959595
1.2324836254119873
1.226776123046875
1.217529058456421
1.1332995891571045
1.1244568824768066
1.112058401107788
1.106093406677246
1.0994219779968262
1.0895493030548096
1.205123782157898
1.1982547044754028
1.1842328310012817
1.0735434293746948
1.0665525197982788
1.054692268371582
1.153762698173523
1.1477664709091187
1.1369550228118896
1.1637669801712036
1.157392978668213
1.1475520133972168
1.1938925981521606
1.1921212673187256
1.1875373125076294
1.1109986305236816
1.1072503328323364
1.1017634868621826
1.316055178642273
1.3139110803604126
1.308942437171936
1.1690948009490967
1.165381669998169
1.1574572324752808
1.133853554725647
1.1304436922073364
1.1242934465408325
1.0507563352584839
1.0449237823486328
1.0345944166183472
1.3367557525634766
1.3319674730300903
1.3237003087997437
1.29203200340271
1.2865138053894043
1.2769317626953125
1.1818711757659912
1.1724833250045776
1.157195806503296
1.1234350204467773
1.1217198371887207
1.1183245182037354
1.1202598810195923
1.1163357496261597
1.1105238199234009
1.0521572828292847
1.0481599569320679
1.0416491031646729
1.0198005437850952
1.0107550621032715
0.9972100853919983
1.2169073820114136
1.2128814458847046
1.2065463066101074
1.1592013835906982
1.1540312767028809
1.144690990447998
1.2696045637130737
1.2669485807418823
1.2617701292037964
1.0848112106323242
1.0795252323150635
1.0695134401321411
1.1365113258361816
1.1285974979400635
1.1160714626312256
1.142944097518921
1.1356374025344849
1.1239029169082642
1.2001888751983643
1.1959586143493652
1.1877788305282593
1.133180022239685
1.1285021305084229
1.1206685304641724
1.2436238527297974
1.2400522232055664
1.233188509941101
1.141302227973938
1.1374183893203735
1.1303999423980713
1.2906129360198975
1.285886526107788
1.2775964736938477
1.2858119010925293
1.2786037921905518
1.2659283876419067
1.1780294179916382
1.1739223003387451
1.167141318321228
1.1266543865203857
1.1190537214279175
1.10780668258667
1.1202635765075684
1.1156022548675537
1.1083999872207642
1.137373685836792
1.1335654258728027
1.1264854669570923
1.1928592920303345
1.1896295547485352
1.1842846870422363
1.121158480644226
1.1127756834030151
1.1046743392944336
1.0923213958740234
1.087812900543213
1.0804152488708496
1.1490672826766968
1.1379518508911133
1.122185468673706
1.1081483364105225
1.1025601625442505
1.0910964012145996
1.2096527814865112
1.2037488222122192
1.1951202154159546
1.206642508506775
1.2042535543441772
1.1991527080535889
1.1554934978485107
1.152283787727356
1.1463772058486938
1.1613130569458008
1.1587185859680176
1.1538143157958984
1.2448729276657104
1.2414324283599854
1.2355087995529175
1.2385962009429932
1.2367440462112427
1.2337239980697632
1.2158600091934204
1.2084769010543823
1.195934534072876
1.1164960861206055
1.1114065647125244
1.1045126914978027
1.172717809677124
1.1683709621429443
1.1617405414581299
1.1736713647842407
1.1659437417984009
1.1548271179199219
1.074799656867981
1.0683705806732178
1.0559715032577515
1.204851508140564
1.2016512155532837
1.1963989734649658
1.2201285362243652
1.2183773517608643
1.2146289348602295
1.1813395023345947
1.1739568710327148
1.1622447967529297
1.2555164098739624
1.250264286994934
1.2424988746643066
1.2864609956741333
1.2820547819137573
1.2744667530059814
1.0880769491195679
1.079666256904602
1.0664117336273193
1.296308994293213
1.2928426265716553
1.2870956659317017
1.0898895263671875
1.0838032960891724
1.0719201564788818
1.1694023609161377
1.1649328470230103
1.1581523418426514
1.3065060377120972
1.3044846057891846
1.301111102104187
1.1628990173339844
1.1594393253326416
1.1543924808502197
1.1133835315704346
1.1056785583496094
1.0944337844848633
1.1058008670806885
1.1002639532089233
1.0925164222717285
1.1633877754211426
1.1528246402740479
1.137610673904419
1.186104655265808
1.1850922107696533
1.181438684463501
1.18191397190094
1.1723241806030273
1.1576743125915527
1.1416921615600586
1.1393494606018066
1.1350404024124146
1.2146437168121338
1.2098209857940674
1.2009999752044678
1.0811747312545776
1.0744009017944336
1.0644447803497314
1.1347267627716064
1.1304636001586914
1.124079704284668
1.1548622846603394
1.1468653678894043
1.135360598564148
1.2103544473648071
1.209340214729309
1.2059001922607422
1.12709379196167
1.1184091567993164
1.103421926498413
1.1514694690704346
1.1440095901489258
1.1335128545761108
1.0188299417495728
1.017516016960144
1.01430082321167
1.1079368591308594
1.100046992301941
1.0879508256912231
1.2378190755844116
1.2349292039871216
1.230205774307251
1.2615587711334229
1.2604568004608154
1.2576346397399902
1.1909081935882568
1.1880276203155518
1.1822335720062256
1.2457247972488403
1.2403963804244995
1.232319951057434
1.1833280324935913
1.1749937534332275
1.159002661705017
1.198647141456604
1.1967744827270508
1.1929407119750977
1.146721601486206
1.1434152126312256
1.1381099224090576
1.0495212078094482
1.0442548990249634
1.0369302034378052
1.2843778133392334
1.2822391986846924
1.2771475315093994
1.1346901655197144
1.1315339803695679
1.126080870628357
1.1217553615570068
1.1186052560806274
1.1126176118850708
1.1371510028839111
1.132032871246338
1.1233569383621216
1.1425124406814575
1.1391770839691162
1.133503794670105
1.2359691858291626
1.2333178520202637
1.2285276651382446
1.0944859981536865
1.0892332792282104
1.080483078956604
1.1437183618545532
1.1404943466186523
1.1334611177444458
1.0494061708450317
1.044541835784912
1.0363303422927856
1.1503674983978271
1.1458429098129272
1.1391680240631104
1.1908553838729858
1.1860835552215576
1.1788655519485474
1.080241084098816
1.0762232542037964
1.06980562210083
1.158463716506958
1.1519052982330322
1.1419885158538818
1.390892505645752
1.387939453125
1.3794689178466797
1.0509265661239624
1.0422841310501099
1.0267139673233032
1.103751301765442
1.095697045326233
1.0829789638519287
1.2447640895843506
1.2417902946472168
1.2360551357269287
1.23451566696167
1.2288017272949219
1.218123435974121
1.1126554012298584
1.1088130474090576
1.1024045944213867
1.071236252784729
1.0649207830429077
1.0548895597457886
1.1583905220031738
1.1511811017990112
1.1403651237487793
1.1813600063323975
1.1775234937667847
1.171846628189087
1.294825792312622
1.290876865386963
1.2853659391403198
1.2100629806518555
1.2036380767822266
1.194901943206787
1.295162320137024
1.2912601232528687
1.2845641374588013
1.1142269372940063
1.10997474193573
1.103790044784546
1.2957583665847778
1.2922354936599731
1.2863789796829224
1.181242823600769
1.180130958557129
1.1771965026855469
1.0241230726242065
1.0201858282089233
1.0132086277008057
1.1861101388931274
1.1762855052947998
1.1613715887069702
1.2021679878234863
1.1994338035583496
1.1946446895599365
1.0813580751419067
1.0745716094970703
1.0653481483459473
1.2274103164672852
1.2220208644866943
1.2123239040374756
1.1607247591018677
1.1542288064956665
1.1442997455596924
1.2387892007827759
1.2361420392990112
1.2315884828567505
1.1685466766357422
1.1559538841247559
1.1351221799850464
1.2559680938720703
1.2490134239196777
1.2377352714538574
1.2991993427276611
1.2919445037841797
1.2805649042129517
1.1271227598190308
1.1105788946151733
1.0888022184371948
1.3646291494369507
1.3637375831604004
1.3603633642196655
1.1466338634490967
1.1439403295516968
1.1393483877182007
1.207938313484192
1.1998134851455688
1.1883354187011719
1.0627659559249878
1.0565643310546875
1.0458436012268066
1.1683933734893799
1.164786458015442
1.1597799062728882
1.083238124847412
1.0799767971038818
1.0738990306854248
1.1396774053573608
1.1321693658828735
1.1206250190734863
1.2468160390853882
1.2420519590377808
1.2330189943313599
1.1182998418807983
1.110068917274475
1.0974955558776855
1.157896876335144
1.152398943901062
1.1420154571533203
1.1658555269241333
1.1626218557357788
1.157267451286316
1.1964510679244995
1.194219946861267
1.190118432044983
1.2910261154174805
1.2850871086120605
1.2751638889312744
1.089422345161438
1.0814236402511597
1.0684939622879028
1.1169005632400513
1.1099772453308105
1.0986818075180054
1.1119208335876465
1.1056861877441406
1.0969533920288086
1.0678911209106445
1.0600229501724243
1.0510600805282593
1.1418839693069458
1.1380295753479004
1.132927656173706
1.1563794612884521
1.1498467922210693
1.1398578882217407
1.1543163061141968
1.1416168212890625
1.1256424188613892
1.192428469657898
1.1898092031478882
1.1860812902450562
1.3041462898254395
1.299605131149292
1.2920597791671753
1.157623052597046
1.151505947113037
1.1430364847183228
1.1077592372894287
1.1043219566345215
1.0988562107086182
1.1168899536132812
1.1110221147537231
1.1017426252365112
1.1183453798294067
1.1126707792282104
1.104271411895752
1.1010454893112183
1.0952889919281006
1.0861773490905762
1.1847419738769531
1.1796684265136719
1.172351360321045
1.2436378002166748
1.2415452003479004
1.2370859384536743
1.1365532875061035
1.133345603942871
1.1281397342681885
1.26534104347229
1.2619891166687012
1.2561872005462646
1.122738242149353
1.1166549921035767
1.1068568229675293
1.1663621664047241
1.1651054620742798
1.1628813743591309
1.2519323825836182
1.2461729049682617
1.2353748083114624
1.026187777519226
1.0205531120300293
1.0121841430664062
1.1908228397369385
1.1835793256759644
1.171124815940857
1.2190158367156982
1.2176475524902344
1.215512990951538
1.1000511646270752
1.092348575592041
1.079668402671814
1.2105578184127808
1.2076778411865234
1.2029790878295898
1.1662805080413818
1.1596386432647705
1.1492336988449097
1.1856039762496948
1.18131422996521
1.175188422203064
1.083382487297058
1.0782667398452759
1.0707756280899048
1.1309772729873657
1.1260112524032593
1.1180349588394165
1.0132384300231934
1.0063189268112183
0.9953919649124146
1.2126103639602661
1.2055869102478027
1.1951992511749268
1.1118764877319336
1.1042544841766357
1.0923562049865723
1.199568748474121
1.191940426826477
1.1811485290527344
1.1910042762756348
1.1861517429351807
1.1792192459106445
1.1933590173721313
1.1859139204025269
1.1748416423797607
1.1795003414154053
1.172969937324524
1.164197325706482
1.2686524391174316
1.2627538442611694
1.252807378768921
1.2015336751937866
1.1987855434417725
1.1948058605194092
1.17674720287323
1.1706632375717163
1.1617908477783203
1.2241452932357788
1.219640851020813
1.2129546403884888
1.1605225801467896
1.1561535596847534
1.1485615968704224
1.17864990234375
1.1748191118240356
1.1669740676879883
1.238167643547058
1.2328228950500488
1.223768949508667
1.0640356540679932
1.0599911212921143
1.0535324811935425
1.233618974685669
1.2311309576034546
1.2264069318771362
1.2908958196640015
1.2905266284942627
1.2897453308105469
1.077437162399292
1.0727195739746094
1.0645617246627808
1.2394753694534302
1.237391471862793
1.2337157726287842
1.0876832008361816
1.0828936100006104
1.0749913454055786
1.059402346611023
1.0547728538513184
1.0474940538406372
1.092041254043579
1.0866127014160156
1.0781010389328003
1.1499618291854858
1.1448489427566528
1.1372816562652588
1.0986428260803223
1.092190146446228
1.082829236984253
1.091393232345581
1.085379958152771
1.077805995941162
1.34151291847229
1.3371367454528809
1.3303487300872803
1.1287990808486938
1.1242969036102295
1.1167105436325073
1.2148381471633911
1.2073088884353638
1.1959567070007324
1.0466341972351074
1.0395256280899048
1.028446078300476
1.1086713075637817
1.105137586593628
1.0994871854782104
1.1191741228103638
1.1131659746170044
1.1039437055587769
1.0929268598556519
1.0860168933868408
1.074933648109436
1.0512503385543823
1.0369811058044434
1.0196160078048706
1.2113497257232666
1.2078351974487305
1.2009868621826172
1.3220325708389282
1.3163962364196777
1.3082315921783447
1.0553324222564697
1.0462651252746582
1.0333658456802368
1.1165400743484497
1.1073704957962036
1.0927423238754272
1.1647629737854004
1.1601536273956299
1.1535032987594604
1.220153570175171
1.2145620584487915
1.2055341005325317
1.183477520942688
1.1771799325942993
1.166236400604248
1.0182451009750366
1.0125668048858643
1.003714919090271
1.0915576219558716
1.0851458311080933
1.0757079124450684
1.2088254690170288
1.2035385370254517
1.1956901550292969
1.1378923654556274
1.1319187879562378
1.1220051050186157
1.1932345628738403
1.1894080638885498
1.1841485500335693
1.2120674848556519
1.209286093711853
1.2050235271453857
1.1171425580978394
1.1059129238128662
1.0884912014007568
1.2764283418655396
1.2635345458984375
1.248682975769043
1.1691352128982544
1.1627904176712036
1.15371835231781
1.0302265882492065
1.021432638168335
1.0097993612289429
1.154058814048767
1.1501431465148926
1.1422070264816284
1.1088173389434814
1.10282301902771
1.093083381652832
1.110615611076355
1.1031419038772583
1.0926854610443115
1.1630847454071045
1.1621272563934326
1.1597836017608643
1.1512778997421265
1.1488893032073975
1.1447370052337646
1.118456244468689
1.1121662855148315
1.1029233932495117
1.152712345123291
1.1474183797836304
1.1375839710235596
1.2324506044387817
1.2245839834213257
1.2130355834960938
1.1855970621109009
1.1828396320343018
1.1778130531311035
1.1413640975952148
1.1383965015411377
1.131728172302246
1.1972746849060059
1.192967176437378
1.1862095594406128
1.1176927089691162
1.1112110614776611
1.1001960039138794
1.1911981105804443
1.1893274784088135
1.184654951095581
1.1195151805877686
1.1151421070098877
1.1066147089004517
1.1085553169250488
1.1022095680236816
1.0916857719421387
1.14888596534729
1.1439850330352783
1.1365797519683838
1.2276841402053833
1.2227360010147095
1.2146517038345337
1.125986933708191
1.1223716735839844
1.1148508787155151
1.189831256866455
1.186632752418518
1.1805880069732666
1.0660635232925415
1.0607036352157593
1.0524306297302246
1.0693222284317017
1.061297059059143
1.049586534500122
0.9953704476356506
0.9874653816223145
0.9756489992141724
1.2208476066589355
1.214250087738037
1.2018764019012451
1.185320496559143
1.1800000667572021
1.1714264154434204
1.1512529850006104
1.1462019681930542
1.138488531112671
1.0962765216827393
1.0893101692199707
1.0782413482666016
1.1268715858459473
1.1220223903656006
1.1147024631500244
1.1438876390457153
1.1384074687957764
1.13050377368927
1.1051071882247925
1.0977330207824707
1.086002230644226
1.2611082792282104
1.2604949474334717
1.2593564987182617
1.2397890090942383
1.2323286533355713
1.2198165655136108
1.1113965511322021
1.0993949174880981
1.0784015655517578
1.1763181686401367
1.1731864213943481
1.1677089929580688
1.1502916812896729
1.1442713737487793
1.1346485614776611
1.2487211227416992
1.24491286277771
1.238940715789795
1.119531273841858
1.1123820543289185
1.1019078493118286
1.1914020776748657
1.1859462261199951
1.177071213722229
1.1514838933944702
1.1467341184616089
1.1394267082214355
1.188476800918579
1.184897780418396
1.1790668964385986
1.1006312370300293
1.0970823764801025
1.0913021564483643
1.1289178133010864
1.1240153312683105
1.1161973476409912
1.1660997867584229
1.1626062393188477
1.1565815210342407
1.1581993103027344
1.152651071548462
1.1439683437347412
1.2336543798446655
1.2306174039840698
1.2251747846603394
1.201056957244873
1.1976183652877808
1.1919891834259033
1.2383500337600708
1.235729694366455
1.231026291847229
1.150420069694519
1.1470807790756226
1.1410750150680542
1.2217586040496826
1.2179421186447144
1.21201753616333
1.2117515802383423
1.2080270051956177
1.2020118236541748
1.2168757915496826
1.2113415002822876
1.2023725509643555
1.212828278541565
1.208462119102478
1.200023889541626
1.142166018486023
1.137923002243042
1.1310880184173584
1.2375518083572388
1.2311301231384277
1.2194957733154297
1.1975328922271729
1.1877119541168213
1.1731953620910645
1.2612632513046265
1.2593884468078613
1.255199909210205
1.1572368144989014
1.1494144201278687
1.1379989385604858
1.150097370147705
1.1470545530319214
1.1415575742721558
1.1371746063232422
1.1339396238327026
1.1288878917694092
1.1789073944091797
1.1781548261642456
1.176345705986023
1.0079617500305176
1.0023770332336426
0.9943657517433167
1.1178065538406372
1.104841947555542
1.0844032764434814
1.1103239059448242
1.1080876588821411
1.1048626899719238
1.1772923469543457
1.1759530305862427
1.172640323638916
1.129650592803955
1.1242526769638062
1.1154166460037231
1.237820029258728
1.2276228666305542
1.2099906206130981
1.1369495391845703
1.1333303451538086
1.1278494596481323
1.179748773574829
1.1779812574386597
1.1727204322814941
1.2042173147201538
1.1993670463562012
1.1917247772216797
1.1449618339538574
1.1385737657546997
1.127468466758728
1.196996808052063
1.1907660961151123
1.181480884552002
1.1575889587402344
1.1532198190689087
1.1466774940490723
1.2087749242782593
1.2034926414489746
1.195174217224121
1.0657382011413574
1.0611815452575684
1.0553628206253052
1.133394479751587
1.129306435585022
1.1224000453948975
1.2053122520446777
1.2048008441925049
1.2013137340545654
1.1001408100128174
1.0930334329605103
1.0823948383331299
1.0749479532241821
1.0709823369979858
1.064834713935852
1.085361123085022
1.0803968906402588
1.0720709562301636
1.0604840517044067
1.0552599430084229
1.0475788116455078
1.1239287853240967
1.118678331375122
1.11134934425354
1.1639552116394043
1.1572399139404297
1.147053837776184
1.2596776485443115
1.2560354471206665
1.2496281862258911
1.1368801593780518
1.1331219673156738
1.1268043518066406
1.0665961503982544
1.0575186014175415
1.0428028106689453
1.1592189073562622
1.1502538919448853
1.1374664306640625
0.9844971299171448
0.9796443581581116
0.9730719327926636
1.118292212486267
1.1155048608779907
1.1101943254470825
1.0912505388259888
1.0827025175094604
1.0690711736679077
1.2295713424682617
1.2251956462860107
1.2184948921203613
1.1724910736083984
1.1632256507873535
1.1503934860229492
1.3047916889190674
1.3006738424301147
1.295387864112854
1.105719804763794
1.0986475944519043
1.0877935886383057
1.217858910560608
1.2125933170318604
1.2045786380767822
1.1743075847625732
1.171653389930725
1.1663964986801147
1.107478380203247
1.1020517349243164
1.093564510345459
1.1798793077468872
1.1719777584075928
1.157161831855774
1.1737805604934692
1.165633201599121
1.154761791229248
1.1283386945724487
1.1233880519866943
1.1167466640472412
1.2514750957489014
1.247955083847046
1.2421094179153442
1.1810731887817383
1.1780455112457275
1.1732289791107178
1.1718670129776
1.165140151977539
1.1557533740997314
1.1100748777389526
1.1027522087097168
1.0921998023986816
1.2317299842834473
1.2295962572097778
1.2255669832229614
1.1317461729049683
1.1301829814910889
1.1269603967666626
1.1472363471984863
1.1438084840774536
1.1371636390686035
1.0321364402770996
1.0269490480422974
1.0180805921554565
1.2211283445358276
1.2136428356170654
1.2024608850479126
1.1228349208831787
1.1131731271743774
1.098680019378662
1.1413583755493164
1.1254205703735352
1.1038109064102173
1.1450304985046387
1.1413638591766357
1.1353416442871094
1.2242248058319092
1.2207632064819336
1.2152934074401855
1.08882474899292
1.0818606615066528
1.0714317560195923
1.091206431388855
1.0840407609939575
1.0749486684799194
1.2214159965515137
1.2156035900115967
1.2050609588623047
1.1273560523986816
1.1178902387619019
1.1051363945007324
1.1762475967407227
1.1717939376831055
1.1654391288757324
1.2045238018035889
1.1995676755905151
1.1921941041946411
1.1482384204864502
1.144752860069275
1.138052225112915
1.2353403568267822
1.2322403192520142
1.227311372756958
1.1383812427520752
1.133175015449524
1.1246697902679443
1.0982592105865479
1.092044711112976
1.0831255912780762
1.1685422658920288
1.1623711585998535
1.1538543701171875
1.2416040897369385
1.235992431640625
1.227543592453003
1.1561667919158936
1.15291428565979
1.1476106643676758
1.197079062461853
1.1933730840682983
1.1865606307983398
1.1813793182373047
1.177422285079956
1.1693817377090454
1.2873609066009521
1.2787744998931885
1.2648285627365112
1.1483516693115234
1.1448842287063599
1.1390405893325806
1.1721397638320923
1.1671526432037354
1.1595661640167236
1.0740572214126587
1.0653631687164307
1.0517343282699585
1.0701619386672974
1.0657124519348145
1.0579743385314941
1.2623348236083984
1.2578805685043335
1.249982476234436
1.1801334619522095
1.177692174911499
1.1729607582092285
1.286219835281372
1.2833528518676758
1.278188705444336
1.183612585067749
1.1793723106384277
1.1723500490188599
1.0399272441864014
1.034173607826233
1.02939772605896
1.2188081741333008
1.2134006023406982
1.2049397230148315
1.1427465677261353
1.1373673677444458
1.1266103982925415
1.2279120683670044
1.2274420261383057
1.2254931926727295
1.1239330768585205
1.120522141456604
1.1142022609710693
1.1900194883346558
1.1865051984786987
1.1798067092895508
1.160330057144165
1.1553411483764648
1.146677017211914
1.3268784284591675
1.3253984451293945
1.3229660987854004
1.247644305229187
1.2402678728103638
1.2281466722488403
1.1082172393798828
1.1024723052978516
1.0945792198181152
1.1901421546936035
1.1862154006958008
1.1794753074645996
1.130523920059204
1.1221340894699097
1.1101248264312744
1.0758229494094849
1.0705287456512451
1.0638223886489868
1.0617375373840332
1.0536768436431885
1.0412002801895142
1.179355502128601
1.1745260953903198
1.166537880897522
1.1309666633605957
1.1276214122772217
1.122109055519104
1.0607632398605347
1.0528048276901245
1.0403519868850708
1.1978576183319092
1.1953039169311523
1.190165638923645
1.1153680086135864
1.111064076423645
1.104574203491211
1.179534912109375
1.1722805500030518
1.1616089344024658
1.124717116355896
1.123380422592163
1.1198556423187256
1.232742190361023
1.2293621301651
1.2237037420272827
1.0911006927490234
1.0852094888687134
1.075249433517456
1.1741883754730225
1.170335292816162
1.1630609035491943
1.2023104429244995
1.199948787689209
1.1949564218521118
1.2938342094421387
1.2901782989501953
1.284377098083496
1.3407691717147827
1.3372453451156616
1.331653118133545
1.1807433366775513
1.1792895793914795
1.1757817268371582
1.189234972000122
1.1865781545639038
1.1822365522384644
1.0899839401245117
1.0857477188110352
1.0786147117614746
1.1835750341415405
1.181424617767334
1.1770769357681274
1.2915403842926025
1.2909951210021973
1.2897396087646484
1.2068079710006714
1.2028506994247437
1.1949235200881958
1.094543218612671
1.0916279554367065
1.0864711999893188
1.135738492012024
1.1314406394958496
1.1250276565551758
1.2624099254608154
1.258054256439209
1.2514474391937256
1.0277236700057983
1.0169047117233276
0.9990972876548767
1.1755692958831787
1.1736124753952026
1.1693902015686035
1.1681039333343506
1.164638876914978
1.1588432788848877
1.2464383840560913
1.2437742948532104
1.2390611171722412
1.1701140403747559
1.1661078929901123
1.158574104309082
1.2072311639785767
1.2037068605422974
1.1973017454147339
1.1436456441879272
1.1380490064620972
1.1283483505249023
1.1233364343643188
1.1195772886276245
1.1135075092315674
1.1678768396377563
1.1660925149917603
1.1628204584121704
1.2271984815597534
1.2229405641555786
1.2157683372497559
1.3146038055419922
1.3116449117660522
1.3062715530395508
1.1540030241012573
1.146824598312378
1.1353689432144165
1.186859130859375
1.1832094192504883
1.1767685413360596
1.220363974571228
1.214591145515442
1.2055059671401978
1.1274765729904175
1.1218823194503784
1.1135257482528687
1.1794593334197998
1.1748861074447632
1.1661481857299805
1.192812204360962
1.190037727355957
1.185718297958374
1.149465560913086
1.1441880464553833
1.1361457109451294
1.017653465270996
1.0106234550476074
1.0005781650543213
1.1501379013061523
1.1432629823684692
1.1333937644958496
1.1323237419128418
1.1251604557037354
1.115880012512207
1.1746704578399658
1.1686429977416992
1.1596827507019043
1.1235988140106201
1.1194467544555664
1.1117268800735474
1.134000301361084
1.1287860870361328
1.1209689378738403
1.0009392499923706
0.9949324727058411
0.9857415556907654
1.0106126070022583
1.0003207921981812
0.996589183807373
1.114485502243042
1.11041259765625
1.1040781736373901
1.0367536544799805
1.0319156646728516
1.0245481729507446
1.143877387046814
1.1384729146957397
1.1312270164489746
1.4067898988723755
1.3976733684539795
1.3855926990509033
1.1821397542953491
1.1788349151611328
1.1736361980438232
1.1634711027145386
1.1594583988189697
1.1523569822311401
1.1013482809066772
1.0961108207702637
1.0872550010681152
1.2504147291183472
1.2473217248916626
1.2414168119430542
1.188453197479248
1.1867362260818481
1.182905673980713
1.169525146484375
1.1679261922836304
1.164994478225708
1.2431573867797852
1.2406964302062988
1.2356593608856201
1.1578882932662964
1.1536093950271606
1.145203709602356
1.1526167392730713
1.1485530138015747
1.14110267162323
1.1421891450881958
1.1379154920578003
1.1301614046096802
1.2314670085906982
1.2272149324417114
1.2198092937469482
1.1059801578521729
1.0993164777755737
1.0917503833770752
1.0883868932724
1.0825899839401245
1.0728936195373535
1.1416776180267334
1.13701593875885
1.1290408372879028
1.147868275642395
1.1441446542739868
1.135624647140503
1.2311477661132812
1.2271113395690918
1.2205274105072021
1.166577935218811
1.1640543937683105
1.159959316253662
1.2302967309951782
1.2281361818313599
1.2235993146896362
1.237298846244812
1.2361373901367188
1.2337678670883179
1.290819525718689
1.2814072370529175
1.2684985399246216
1.1909074783325195
1.1833300590515137
1.1709333658218384
1.1541868448257446
1.1473308801651
1.136978268623352
1.1071759462356567
1.0997565984725952
1.0890579223632812
1.230553388595581
1.2244212627410889
1.2149771451950073
1.264136552810669
1.2608028650283813
1.2543370723724365
1.1697227954864502
1.162410855293274
1.1490898132324219
1.145776629447937
1.1408663988113403
1.1339060068130493
1.1932785511016846
1.1911497116088867
1.187840461730957
1.1617406606674194
1.1588801145553589
1.154131531715393
1.1930699348449707
1.1883269548416138
1.1813291311264038
1.1681644916534424
1.1638884544372559
1.158004641532898
1.1553291082382202
1.1509681940078735
1.1447534561157227
1.243369698524475
1.2388355731964111
1.2309989929199219
1.12562096118927
1.1187013387680054
1.1063377857208252
1.2721658945083618
1.2686679363250732
1.2632933855056763
1.1082810163497925
1.104014277458191
1.0970185995101929
1.150707483291626
1.1451349258422852
1.1366536617279053
1.091862678527832
1.085228681564331
1.0745553970336914
1.1130636930465698
1.1083978414535522
1.101094365119934
1.1747766733169556
1.1701430082321167
1.1631152629852295
1.1275253295898438
1.1186678409576416
1.1061930656433105
1.1599347591400146
1.1553817987442017
1.1485934257507324
1.2690834999084473
1.2677958011627197
1.2646536827087402
1.1097729206085205
1.1062275171279907
1.099851131439209
1.1313103437423706
1.1229884624481201
1.1092385053634644
1.2018462419509888
1.1956372261047363
1.1856216192245483
1.1487956047058105
1.1470234394073486
1.1424896717071533
1.1919151544570923
1.190231204032898
1.1871527433395386
1.20502507686615
1.2006620168685913
1.1937389373779297
1.114310383796692
1.1079630851745605
1.1004173755645752
1.102278232574463
1.0987766981124878
1.0938910245895386
1.289391279220581
1.28481125831604
1.2775388956069946
1.1458778381347656
1.1430087089538574
1.1386358737945557
1.119726538658142
1.1141271591186523
1.1049408912658691
1.1727412939071655
1.1580873727798462
1.1354035139083862
1.196720838546753
1.1885461807250977
1.1747195720672607
1.1422998905181885
1.1380512714385986
1.1307076215744019
1.185185194015503
1.1784043312072754
1.1674139499664307
1.1853241920471191
1.1795533895492554
1.1710255146026611
1.1974682807922363
1.193067193031311
1.1846647262573242
1.1713908910751343
1.1699128150939941
1.167461633682251
1.1878600120544434
1.1840124130249023
1.177424430847168
1.2266982793807983
1.222634196281433
1.2158069610595703
1.060884714126587
1.0544530153274536
1.043875813484192
1.250683307647705
1.2487856149673462
1.2441911697387695
1.2816153764724731
1.2796107530593872
1.2756999731063843
1.2665925025939941
1.2644598484039307
1.2602195739746094
1.2317842245101929
1.2298561334609985
1.2259595394134521
1.0747367143630981
1.0705368518829346
1.0626988410949707
1.1209139823913574
1.1188935041427612
1.1150238513946533
1.1775990724563599
1.172905683517456
1.1656872034072876
1.1374086141586304
1.133821725845337
1.1265838146209717
1.2903175354003906
1.28435480594635
1.2735780477523804
1.152611255645752
1.1508747339248657
1.1474924087524414
1.127197504043579
1.1219542026519775
1.1135066747665405
1.1445128917694092
1.1392602920532227
1.13004469871521
1.1238378286361694
1.114966869354248
1.1003828048706055
1.0888468027114868
1.0813806056976318
1.0644956827163696
1.1694797277450562
1.1626462936401367
1.1521552801132202
1.222594141960144
1.2183067798614502
1.2106249332427979
1.045588731765747
1.0406886339187622
1.0318342447280884
1.2259479761123657
1.2244646549224854
1.220590353012085
1.1671489477157593
1.161054253578186
1.1502563953399658
1.1729018688201904
1.1622406244277954
1.144504427909851
1.0940525531768799
1.0866975784301758
1.0760844945907593
1.1978249549865723
1.1891871690750122
1.1751079559326172
1.1108064651489258
1.106852412223816
1.0997824668884277
1.0801317691802979
1.0762958526611328
1.0686042308807373
1.092580795288086
1.0829707384109497
1.066571593284607
1.144334316253662
1.1378118991851807
1.1277271509170532
1.1987329721450806
1.1973847150802612
1.1949087381362915
1.3287031650543213
1.3213448524475098
1.309593915939331
1.0465182065963745
1.040863037109375
1.0325427055358887
1.1422219276428223
1.1376221179962158
1.1300652027130127
1.1797784566879272
1.1756728887557983
1.1688690185546875
1.174749732017517
1.1660910844802856
1.1525191068649292
1.2836554050445557
1.2811191082000732
1.2752898931503296
1.3050249814987183
1.3009028434753418
1.2939413785934448
1.0770167112350464
1.07077157497406
1.0603059530258179
1.169780969619751
1.1662498712539673
1.1601139307022095
1.213303804397583
1.2077444791793823
1.1977343559265137
1.1151354312896729
1.1094088554382324
1.1005605459213257
1.1461886167526245
1.142471194267273
1.1351935863494873
1.1379461288452148
1.1327619552612305
1.124136209487915
1.2293732166290283
1.2267991304397583
1.2221322059631348
1.2284427881240845
1.2252674102783203
1.2171316146850586
1.2360711097717285
1.2326147556304932
1.226910948753357
1.119341254234314
1.1122546195983887
1.0996592044830322
1.1195300817489624
1.113939642906189
1.1036713123321533
1.1940127611160278
1.1922897100448608
1.1883227825164795
1.1308311223983765
1.1256548166275024
1.116698980331421
1.1066657304763794
1.1009016036987305
1.0917460918426514
1.1996135711669922
1.1947157382965088
1.1863971948623657
1.1166414022445679
1.112058401107788
1.1034038066864014
1.0645725727081299
1.0596497058868408
1.0507984161376953
1.253761887550354
1.2517080307006836
1.248043179512024
1.1222710609436035
1.1162827014923096
1.1063640117645264
1.0705175399780273
1.0645849704742432
1.0556622743606567
1.0523192882537842
1.0452086925506592
1.0350148677825928
1.2175639867782593
1.2100491523742676
1.1999835968017578
1.0835442543029785
1.0734684467315674
1.0590603351593018
1.2592767477035522
1.2553738355636597
1.2488104104995728
1.1369240283966064
1.1329965591430664
1.1268539428710938
1.101508378982544
1.0945119857788086
1.0826783180236816
1.168452501296997
1.1604853868484497
1.14833664894104
1.2042055130004883
1.2004731893539429
1.1944036483764648
1.170605182647705
1.1685082912445068
1.1632699966430664
1.0771312713623047
1.074173092842102
1.0685200691223145
1.222320318222046
1.2198673486709595
1.2157667875289917
1.2376660108566284
1.2347229719161987
1.2285934686660767
1.0602571964263916
1.053970217704773
1.0433204174041748
1.1095080375671387
1.1064977645874023
1.1021740436553955
1.0740962028503418
1.0691219568252563
1.0615142583847046
1.1817556619644165
1.1773394346237183
1.1689200401306152
1.179664134979248
1.1771212816238403
1.172849416732788
1.1822636127471924
1.1759527921676636
1.1634974479675293
1.2282161712646484
1.22611403465271
1.2226214408874512
1.1327183246612549
1.1284810304641724
1.1206250190734863
1.2693850994110107
1.267700433731079
1.2652052640914917
1.076952576637268
1.07229745388031
1.0642896890640259
1.0784205198287964
1.071948766708374
1.0607633590698242
1.1494760513305664
1.144779920578003
1.1375492811203003
1.3162375688552856
1.3153122663497925
1.3131756782531738
1.1724421977996826
1.1698150634765625
1.1644439697265625
1.062705159187317
1.059349536895752
1.0531926155090332
1.2950775623321533
1.2902690172195435
1.2815730571746826
1.2379733324050903
1.2344914674758911
1.229297161102295
1.1633318662643433
1.1590697765350342
1.1506164073944092
1.1333059072494507
1.1284023523330688
1.1189675331115723
1.2370872497558594
1.235008955001831
1.2312828302383423
1.1905295848846436
1.1838346719741821
1.1725448369979858
1.1985307931900024
1.1971691846847534
1.194477915763855
1.1446709632873535
1.139952301979065
1.131791114807129
1.1317343711853027
1.128654956817627
1.123720407485962
1.2889752388000488
1.2851474285125732
1.2781062126159668
1.2775979042053223
1.2695343494415283
1.2558062076568604
1.2539618015289307
1.2491687536239624
1.241255521774292
1.1471154689788818
1.143097162246704
1.1365242004394531
1.1803854703903198
1.1745208501815796
1.165479302406311
1.1989984512329102
1.1940021514892578
1.1847589015960693
1.2198896408081055
1.2157912254333496
1.2085641622543335
1.1811788082122803
1.1782499551773071
1.1731255054473877
1.1716690063476562
1.1646850109100342
1.1538290977478027
1.2238320112228394
1.2199848890304565
1.2139571905136108
1.1188234090805054
1.1120213270187378
1.1019015312194824
1.1949660778045654
1.1911957263946533
1.1847267150878906
1.3832485675811768
1.3771934509277344
1.3676236867904663
1.1800466775894165
1.1741820573806763
1.1638158559799194
1.1610000133514404
1.1560192108154297
1.1489622592926025
1.1649761199951172
1.1621954441070557
1.1570700407028198
1.2502925395965576
1.246196985244751
1.2388370037078857
1.116100549697876
1.1105930805206299
1.1035523414611816
1.1711676120758057
1.1654208898544312
1.156479001045227
1.118023157119751
1.1134288311004639
1.1062321662902832
1.1598193645477295
1.1553901433944702
1.148687481880188
1.0637487173080444
1.056190013885498
1.0445595979690552
1.115371823310852
1.111236572265625
1.1029311418533325
1.1057342290878296
1.1002519130706787
1.0913116931915283
1.1299926042556763
1.126783013343811
1.1188608407974243
1.1304184198379517
1.1240043640136719
1.1136901378631592
1.096628189086914
1.0924652814865112
1.0856894254684448
1.0859391689300537
1.0816723108291626
1.0755667686462402
1.2057104110717773
1.2041572332382202
1.2011475563049316
1.1837563514709473
1.175342321395874
1.1621434688568115
1.1744012832641602
1.1708083152770996
1.1641873121261597
1.1603046655654907
1.1588908433914185
1.1557831764221191
1.2025970220565796
1.2003374099731445
1.1955260038375854
1.1654173135757446
1.1624822616577148
1.1577681303024292
1.1776536703109741
1.174472451210022
1.169684648513794
1.2333910465240479
1.2310562133789062
1.2274949550628662
1.148611068725586
1.144376516342163
1.1366709470748901
1.1261563301086426
1.1146293878555298
1.1001056432724
1.079924464225769
1.0724382400512695
1.0607781410217285
1.215538740158081
1.2105743885040283
1.2013568878173828
1.005374789237976
0.9932774305343628
0.973488450050354
1.2164653539657593
1.2134995460510254
1.208370566368103
1.2107990980148315
1.2076879739761353
1.2023756504058838
1.229547142982483
1.2244592905044556
1.2150245904922485
1.1086065769195557
1.1030510663986206
1.0935213565826416
1.1234620809555054
1.1176706552505493
1.1091923713684082
1.1188476085662842
1.1142617464065552
1.1069060564041138
1.1145492792129517
1.1099213361740112
1.1024588346481323
1.1921838521957397
1.1846288442611694
1.1720936298370361
1.1545220613479614
1.149936556816101
1.1421912908554077
1.2261589765548706
1.2239012718200684
1.2190178632736206
1.2927463054656982
1.286240577697754
1.2758047580718994
1.1574536561965942
1.1531891822814941
1.1458638906478882
1.0723649263381958
1.0615148544311523
1.044562816619873
1.148104190826416
1.1365691423416138
1.1194508075714111
1.144520878791809
1.1365021467208862
1.1247406005859375
1.2719676494598389
1.2648077011108398
1.2543962001800537
1.2857747077941895
1.2783359289169312
1.2670485973358154
1.12092924118042
1.114168643951416
1.1035834550857544
1.2495970726013184
1.2489086389541626
1.2446846961975098
1.1806004047393799
1.1706957817077637
1.155137538909912
1.1446239948272705
1.127976417541504
1.1054478883743286
1.1511943340301514
1.139089584350586
1.1236212253570557
1.1664994955062866
1.1621631383895874
1.1559345722198486
1.2578705549240112
1.2524840831756592
1.2443825006484985
1.164992094039917
1.1525835990905762
1.134826421737671
1.1717876195907593
1.167885422706604
1.1598912477493286
1.2418543100357056
1.2403963804244995
1.2376331090927124
1.1555132865905762
1.15281081199646
1.1481273174285889
1.1806217432022095
1.1765793561935425
1.1701489686965942
1.1275848150253296
1.1207062005996704
1.1094995737075806
1.1376367807388306
1.1324043273925781
1.1241940259933472
1.2353825569152832
1.2261526584625244
1.2124733924865723
1.1916903257369995
1.181585431098938
1.1650409698486328
1.1807432174682617
1.174433946609497
1.164646863937378
1.1890690326690674
1.1864320039749146
1.1822985410690308
1.2367483377456665
1.2267693281173706
1.2098387479782104
1.150609016418457
1.1430613994598389
1.1327874660491943
1.0741689205169678
1.0675829648971558
1.0577962398529053
1.1148192882537842
1.1060481071472168
1.0926626920700073
1.272409439086914
1.268315076828003
1.261784315109253
1.1269004344940186
1.12248957157135
1.1126127243041992
1.1541918516159058
1.1530609130859375
1.1498464345932007
0.9754229784011841
0.9658056497573853
0.9504266977310181
1.24562406539917
1.2407548427581787
1.2315512895584106
1.2202540636062622
1.2140666246414185
1.2042936086654663
1.2591887712478638
1.2547564506530762
1.2459301948547363
1.1917355060577393
1.1876462697982788
1.1808370351791382
1.3968780040740967
1.39329195022583
1.3865106105804443
1.164352536201477
1.1597206592559814
1.1510722637176514
1.1117630004882812
1.1079609394073486
1.1021018028259277
1.1199722290039062
1.1142443418502808
1.1053197383880615
1.0441968441009521
1.0390926599502563
1.0305964946746826
1.2044885158538818
1.2002556324005127
1.1933673620224
1.042601227760315
1.0347288846969604
1.021064043045044
1.1556341648101807
1.152184247970581
1.1452770233154297
1.1704587936401367
1.1669296026229858
1.1610603332519531
1.004375696182251
0.999415397644043
0.9921907186508179
1.1212973594665527
1.1092976331710815
1.0905218124389648
1.2474298477172852
1.2376282215118408
1.2239875793457031
1.154728889465332
1.1464706659317017
1.1348025798797607
1.1666452884674072
1.1617048978805542
1.1538714170455933
1.1956641674041748
1.1916663646697998
1.1852108240127563
1.1836373805999756
1.1746766567230225
1.1618629693984985
1.2018944025039673
1.2003307342529297
1.1955033540725708
1.2430543899536133
1.2380125522613525
1.230726718902588
1.161286473274231
1.1601769924163818
1.1568576097488403
1.1446895599365234
1.1421037912368774
1.1378815174102783
1.1404365301132202
1.137390375137329
1.1323224306106567
1.1222317218780518
1.1190155744552612
1.1142514944076538
1.1870524883270264
1.1800957918167114
1.1688607931137085
1.1560821533203125
1.1530661582946777
1.147731065750122
1.199375867843628
1.194598913192749
1.1854946613311768
1.1622085571289062
1.158376693725586
1.1515672206878662
1.1073557138442993
1.1023218631744385
1.0939115285873413
1.1299786567687988
1.127171516418457
1.1223026514053345
1.099446415901184
1.0949190855026245
1.0872299671173096
1.050528883934021
1.0419310331344604
1.029296875
1.1574746370315552
1.1490451097488403
1.135457992553711
1.1409822702407837
1.12760591506958
1.109162449836731
1.1490817070007324
1.142683744430542
1.1332528591156006
1.0008149147033691
0.9931215047836304
0.9788766503334045
1.1576848030090332
1.151050329208374
1.1421221494674683
1.1486316919326782
1.1392513513565063
1.124534249305725
1.1637474298477173
1.1612834930419922
1.1572407484054565
1.1836243867874146
1.1794196367263794
1.1727205514907837
1.0727051496505737
1.0690028667449951
1.0632392168045044
0.9447802305221558
0.9365390539169312
0.9263299703598022
1.1881612539291382
1.1839115619659424
1.1757543087005615
1.3872129917144775
1.384709358215332
1.380194067955017
1.2053930759429932
1.2000946998596191
1.1916983127593994
1.1505377292633057
1.1462745666503906
1.1382218599319458
1.1913044452667236
1.186221718788147
1.1760846376419067
1.220259428024292
1.215827465057373
1.2078191041946411
1.2179821729660034
1.2148410081863403
1.2097991704940796
1.025301456451416
1.0219086408615112
1.016359806060791
1.1095787286758423
1.1004488468170166
1.0866491794586182
1.1380077600479126
1.1315574645996094
1.1199779510498047
1.0492863655090332
1.044863224029541
1.0384601354599
1.175701379776001
1.1726497411727905
1.167611837387085
1.1151236295700073
1.1078163385391235
1.0940611362457275
1.1976419687271118
1.1961418390274048
1.1931310892105103
1.1678320169448853
1.162179946899414
1.1534119844436646
1.215806484222412
1.2095764875411987
1.199012279510498
1.0936650037765503
1.0839569568634033
1.0662811994552612
1.1920136213302612
1.188547968864441
1.1826847791671753
1.1266632080078125
1.124509334564209
1.1196366548538208
1.1333249807357788
1.12932288646698
1.1230885982513428
1.1789276599884033
1.176023006439209
1.1711738109588623
1.1415995359420776
1.1372185945510864
1.1309579610824585
1.1813374757766724
1.1754117012023926
1.1663224697113037
1.2301455736160278
1.2253806591033936
1.217665433883667
1.2661609649658203
1.26023530960083
1.2500264644622803
1.1776537895202637
1.1747264862060547
1.1689451932907104
1.0677391290664673
1.0630544424057007
1.0551958084106445
1.2140225172042847
1.210286021232605
1.2041922807693481
1.247596263885498
1.244370460510254
1.23917555809021
1.1035192012786865
1.0986355543136597
1.0899882316589355
1.1397407054901123
1.1350841522216797
1.1270835399627686
1.423539638519287
1.4204446077346802
1.415364384651184
1.2919491529464722
1.2904458045959473
1.2872745990753174
1.095601201057434
1.0890676975250244
1.0780457258224487
1.1640326976776123
1.161270260810852
1.1565364599227905
1.2069320678710938
1.2022690773010254
1.194148063659668
1.2525708675384521
1.2473546266555786
1.2385151386260986
1.1062473058700562
1.0985324382781982
1.0869276523590088
1.2541728019714355
1.2519196271896362
1.248667597770691
1.1738427877426147
1.1687980890274048
1.1590675115585327
1.1494253873825073
1.1471096277236938
1.1421689987182617
1.4171570539474487
1.4131706953048706
1.4062016010284424
1.257399559020996
1.2507636547088623
1.2403706312179565
1.0890705585479736
1.0781927108764648
1.0627802610397339
1.1078296899795532
1.101191520690918
1.0909572839736938
1.080228567123413
1.0743281841278076
1.0647547245025635
1.1789425611495972
1.1740236282348633
1.1627593040466309
1.2928720712661743
1.2859373092651367
1.2752840518951416
1.1227025985717773
1.115771770477295
1.1046823263168335
1.1312698125839233
1.127760648727417
1.1218758821487427
1.1231987476348877
1.1171077489852905
1.1058104038238525
1.162510871887207
1.151804804801941
1.1371604204177856
1.1507315635681152
1.14192795753479
1.1299469470977783
1.1277556419372559
1.1231260299682617
1.1155681610107422
1.0951905250549316
1.090043544769287
1.0812543630599976
1.3079860210418701
1.3050099611282349
1.2991777658462524
1.1238532066345215
1.1174004077911377
1.1063634157180786
1.0744259357452393
1.069305419921875
1.060115098953247
1.0909843444824219
1.084986925125122
1.0758509635925293
1.228853702545166
1.2268826961517334
1.2233872413635254
1.1716605424880981
1.1663479804992676
1.1581040620803833
1.1714686155319214
1.16607666015625
1.157733678817749
1.1217213869094849
1.1186856031417847
1.113970398902893
1.2032015323638916
1.1989188194274902
1.1907844543457031
1.169168472290039
1.164344310760498
1.1565790176391602
1.21268892288208
1.2063974142074585
1.1943005323410034
1.2435184717178345
1.2375566959381104
1.228169322013855
1.2731099128723145
1.2663313150405884
1.2548242807388306
1.1209161281585693
1.1180706024169922
1.1136566400527954
0.978309690952301
0.9654749035835266
0.9469581246376038
1.2571030855178833
1.254749059677124
1.2501085996627808
1.2008614540100098
1.1951898336410522
1.1863373517990112
1.1059627532958984
1.1025432348251343
1.0967458486557007
1.1402418613433838
1.1336376667022705
1.1236801147460938
1.1479380130767822
1.1393868923187256
1.1257272958755493
1.1643619537353516
1.155758023262024
1.143789291381836
1.1012623310089111
1.0955978631973267
1.0873342752456665
1.255513072013855
1.2538644075393677
1.2499204874038696
1.1445270776748657
1.140099287033081
1.1333258152008057
1.1403833627700806
1.135642170906067
1.1286627054214478
1.268566608428955
1.2664985656738281
1.259840726852417
1.1746995449066162
1.1678528785705566
1.1548694372177124
1.1432795524597168
1.1362687349319458
1.1265826225280762
1.2745568752288818
1.2712461948394775
1.2643500566482544
1.1033843755722046
1.096062183380127
1.084280014038086
1.3004337549209595
1.2961479425430298
1.2895252704620361
1.2345424890518188
1.2321099042892456
1.2266173362731934
1.0549628734588623
1.0514676570892334
1.0452549457550049
1.133679747581482
1.1290252208709717
1.120261549949646
1.086321473121643
1.0775245428085327
1.0626424551010132
1.2312735319137573
1.2246615886688232
1.213930368423462
1.1472176313400269
1.1423231363296509
1.1352596282958984
1.1828535795211792
1.1765927076339722
1.1666533946990967
1.2778282165527344
1.2766708135604858
1.2725956439971924
1.1674364805221558
1.1617106199264526
1.1517040729522705
1.111973762512207
1.108539342880249
1.1023460626602173
1.26105535030365
1.258358120918274
1.2531342506408691
1.2470107078552246
1.2432595491409302
1.237736463546753
1.1310536861419678
1.1260286569595337
1.117796540260315
1.1026567220687866
1.0974539518356323
1.0889930725097656
1.1101787090301514
1.1071571111679077
1.1011550426483154
1.1455540657043457
1.138358235359192
1.126924753189087
1.2112727165222168
1.2078346014022827
1.20262610912323
1.245365023612976
1.2435111999511719
1.239882230758667
1.1453659534454346
1.1420866250991821
1.1361207962036133
1.0445497035980225
1.041825294494629
1.0366499423980713
1.2827577590942383
1.2816548347473145
1.2796223163604736
1.1785565614700317
1.1763584613800049
1.1724380254745483
1.1989818811416626
1.194315791130066
1.1858333349227905
1.0116504430770874
1.007692575454712
1.0003584623336792
1.1026556491851807
1.0965938568115234
1.0878523588180542
1.1311171054840088
1.126421332359314
1.119499921798706
1.0682202577590942
1.0619136095046997
1.0528560876846313
1.04517662525177
1.0355232954025269
1.0230966806411743
1.1588870286941528
1.1526738405227661
1.1433442831039429
1.229421615600586
1.2215369939804077
1.2076036930084229
1.1769180297851562
1.1696767807006836
1.1592892408370972
1.1258659362792969
1.1159695386886597
1.100836157798767
1.2721900939941406
1.2673165798187256
1.2604284286499023
1.3147872686386108
1.3123342990875244
1.3072208166122437
1.0864057540893555
1.0817266702651978
1.0744832754135132
1.297131061553955
1.292870283126831
1.28578782081604
1.0869369506835938
1.078994870185852
1.067099928855896
1.0980799198150635
1.0934770107269287
1.0849648714065552
1.1294630765914917
1.1243386268615723
1.1165430545806885
1.101988673210144
1.0967111587524414
1.088796854019165
1.1765449047088623
1.1719822883605957
1.1644508838653564
1.1576123237609863
1.1536633968353271
1.1471426486968994
1.2230342626571655
1.218435525894165
1.210697889328003
1.283920168876648
1.2826149463653564
1.2800604104995728
1.1831485033035278
1.17709219455719
1.1673201322555542
1.2005497217178345
1.195993423461914
1.1886487007141113
1.258188009262085
1.2557109594345093
1.2502400875091553
1.2782400846481323
1.2740134000778198
1.2671610116958618
1.1119414567947388
1.1048648357391357
1.0925452709197998
1.1274125576019287
1.1216164827346802
1.113811731338501
1.0918611288070679
1.0867079496383667
1.0766994953155518
1.1582391262054443
1.15243399143219
1.1428273916244507
1.2059361934661865
1.2000222206115723
1.1902787685394287
1.2488840818405151
1.2438195943832397
1.2355350255966187
1.2025046348571777
1.199387550354004
1.1932032108306885
1.183420181274414
1.178745150566101
1.1721009016036987
1.2826828956604004
1.2709546089172363
1.2538552284240723
1.1744083166122437
1.167802333831787
1.1580544710159302
1.1892962455749512
1.1791751384735107
1.1646443605422974
1.1813544034957886
1.1760530471801758
1.1668446063995361
1.1792865991592407
1.1742442846298218
1.1657705307006836
1.0298196077346802
1.018989086151123
1.00388503074646
1.293823480606079
1.2895461320877075
1.2825140953063965
1.1428594589233398
1.1389656066894531
1.1324195861816406
1.2032684087753296
1.195298671722412
1.182613492012024
1.1968097686767578
1.1905455589294434
1.1801000833511353
1.1945068836212158
1.1897523403167725
1.1821653842926025
1.2687877416610718
1.26686692237854
1.262289047241211
1.1497881412506104
1.1457761526107788
1.1393934488296509
1.1294865608215332
1.122513771057129
1.1115589141845703
1.1022069454193115
1.0981857776641846
1.0918387174606323
1.0682867765426636
1.0642526149749756
1.0571110248565674
1.1947132349014282
1.1910464763641357
1.1857789754867554
1.1313633918762207
1.1235063076019287
1.1118817329406738
1.225256085395813
1.2273024320602417
1.2270764112472534
1.152913212776184
1.1508713960647583
1.1473363637924194
1.0824589729309082
1.073232650756836
1.0574450492858887
1.1199582815170288
1.1158006191253662
1.1084928512573242
1.0881860256195068
1.0819218158721924
1.0717320442199707
1.1413902044296265
1.1320911645889282
1.1177273988723755
1.1429952383041382
1.1384257078170776
1.131395697593689
1.2467567920684814
1.2452293634414673
1.242603063583374
1.140966534614563
1.1310820579528809
1.1142382621765137
1.1714264154434204
1.1662755012512207
1.157949686050415
1.0360898971557617
1.0299932956695557
1.0208139419555664
1.1565117835998535
1.151492953300476
1.143269658088684
1.2277135848999023
1.2214754819869995
1.2113227844238281
1.1830898523330688
1.178566575050354
1.1715987920761108
1.0926053524017334
1.0876411199569702
1.0779074430465698
1.1593034267425537
1.154065728187561
1.1445499658584595
1.0816097259521484
1.0762317180633545
1.0688858032226562
1.2208000421524048
1.2196992635726929
1.2174502611160278
1.1356010437011719
1.1300724744796753
1.1211601495742798
1.2468814849853516
1.2450203895568848
1.2411530017852783
1.3224579095840454
1.3166946172714233
1.3075348138809204
1.1627506017684937
1.1552067995071411
1.1429144144058228
1.1860218048095703
1.1740148067474365
1.1582958698272705
1.1865037679672241
1.1770483255386353
1.1643480062484741
1.1880015134811401
1.1791070699691772
1.1626311540603638
1.221185326576233
1.2173569202423096
1.2103651762008667
1.1349685192108154
1.1277685165405273
1.1158885955810547
1.0888618230819702
1.0817523002624512
1.0701349973678589
1.1686110496520996
1.165012240409851
1.1589264869689941
1.1688904762268066
1.162651538848877
1.1518549919128418
1.146409511566162
1.1419835090637207
1.1351268291473389
1.2548490762710571
1.252781629562378
1.2477023601531982
1.1756725311279297
1.1723742485046387
1.164660096168518
1.0950250625610352
1.090092658996582
1.0816417932510376
1.109005093574524
1.1036508083343506
1.0950310230255127
1.0517340898513794
1.0475679636001587
1.0417263507843018
1.1203819513320923
1.11705482006073
1.1119333505630493
1.2024800777435303
1.1964256763458252
1.186844825744629
1.1384587287902832
1.131376028060913
1.1202812194824219
1.1806440353393555
1.17716383934021
1.171342134475708
1.2202502489089966
1.2144923210144043
1.2052544355392456
1.0940438508987427
1.0883451700210571
1.0806158781051636
1.1712262630462646
1.1638092994689941
1.153640866279602
1.292249321937561
1.2850582599639893
1.2747788429260254
1.177488923072815
1.176428198814392
1.1738097667694092
1.0679231882095337
1.0638842582702637
1.057012915611267
1.0529179573059082
1.046913743019104
1.0367728471755981
1.051147699356079
1.0450643301010132
1.0352935791015625
1.2482433319091797
1.2461216449737549
1.2424510717391968
1.1574312448501587
1.1523973941802979
1.1447073221206665
1.0718929767608643
1.0645607709884644
1.052449107170105
1.2080867290496826
1.198649287223816
1.1832308769226074
1.1107486486434937
1.1066471338272095
1.1004515886306763
1.1224793195724487
1.1188687086105347
1.1139577627182007
1.0978572368621826
1.094260811805725
1.08880615234375
1.2134202718734741
1.2107106447219849
1.2058732509613037
1.2631405591964722
1.260491967201233
1.2557249069213867
1.210073709487915
1.205161452293396
1.1974681615829468
1.0313448905944824
1.0236692428588867
1.011256217956543
1.1816401481628418
1.1781952381134033
1.1719117164611816
1.2683204412460327
1.2642772197723389
1.2564176321029663
1.1752943992614746
1.1723098754882812
1.1673001050949097
1.094700574874878
1.0908784866333008
1.0832048654556274
1.1335623264312744
1.1282958984375
1.1200218200683594
1.1436865329742432
1.1380292177200317
1.1292493343353271
1.0363436937332153
1.0289603471755981
1.0206438302993774
1.186388611793518
1.1824876070022583
1.176432728767395
1.1011854410171509
1.0959430932998657
1.087783694267273
1.2528457641601562
1.2485203742980957
1.242078423500061
1.3050049543380737
1.2989498376846313
1.288819432258606
1.1203889846801758
1.1124207973480225
1.0988492965698242
1.1994248628616333
1.1947003602981567
1.1872512102127075
1.0310932397842407
1.026728630065918
1.0204095840454102
1.1327770948410034
1.1252187490463257
1.1142585277557373
0.9930860996246338
0.9848743677139282
0.9723966121673584
1.109097957611084
1.1004915237426758
1.0866591930389404
1.1711466312408447
1.1646076440811157
1.1545664072036743
1.162127137184143
1.1569679975509644
1.1490213871002197
1.217488169670105
1.2126251459121704
1.20500648021698
1.1575168371200562
1.1530368328094482
1.1457656621932983
1.1615283489227295
1.1570717096328735
1.1501877307891846
1.1712740659713745
1.1678557395935059
1.1630760431289673
1.1421998739242554
1.1349401473999023
1.1224558353424072
1.1617255210876465
1.157964825630188
1.1511876583099365
1.0872563123703003
1.0828511714935303
1.075463891029358
1.1347063779830933
1.130981206893921
1.1233829259872437
1.1505939960479736
1.1467170715332031
1.1401926279067993
1.128360629081726
1.1229544878005981
1.1148093938827515
1.14970064163208
1.14419686794281
1.135194182395935
1.100404977798462
1.0965805053710938
1.0901778936386108
1.1338388919830322
1.128726601600647
1.1206085681915283
1.1755685806274414
1.1691876649856567
1.1618196964263916
1.1474336385726929
1.1416021585464478
1.1313766241073608
1.2098079919815063
1.2047778367996216
1.1955970525741577
1.0916951894760132
1.0828889608383179
1.0699613094329834
1.1451321840286255
1.1441893577575684
1.139826774597168
1.2321335077285767
1.2314449548721313
1.230082631111145
1.2714616060256958
1.2704998254776
1.268776535987854
1.107887864112854
1.1021617650985718
1.0914181470870972
1.1313623189926147
1.1263911724090576
1.1185914278030396
1.0923680067062378
1.0857959985733032
1.0757160186767578
1.1499347686767578
1.1467466354370117
1.1409963369369507
1.1715617179870605
1.16616690158844
1.1578059196472168
1.1076619625091553
1.0989702939987183
1.0859347581863403
1.1589970588684082
1.1530373096466064
1.1441771984100342
1.2161744832992554
1.208767056465149
1.1979044675827026
1.2010352611541748
1.1940048933029175
1.1821632385253906
1.1555818319320679
1.1509461402893066
1.1438701152801514
1.2258880138397217
1.2226111888885498
1.2152347564697266
1.0905342102050781
1.0836689472198486
1.0733399391174316
1.1578021049499512
1.152715802192688
1.1445189714431763
1.2281205654144287
1.227082371711731
1.2247951030731201
1.1008929014205933
1.0966217517852783
1.0904343128204346
1.1675817966461182
1.1626768112182617
1.150784969329834
1.1430304050445557
1.1398849487304688
1.1341354846954346
1.0829448699951172
1.076237440109253
1.065650463104248
1.064342737197876
1.058013677597046
1.0475469827651978
1.2132517099380493
1.2079840898513794
1.1971975564956665
1.1881740093231201
1.1840640306472778
1.177518367767334
1.2046008110046387
1.2000269889831543
1.1918537616729736
1.1351243257522583
1.1324989795684814
1.1275092363357544
1.2191416025161743
1.215271234512329
1.2094101905822754
1.1948927640914917
1.191382884979248
1.1843879222869873
1.158392071723938
1.1554944515228271
1.1502474546432495
1.1597505807876587
1.1543852090835571
1.14408540725708
1.1736561059951782
1.1719049215316772
1.1685471534729004
1.197293758392334
1.1921969652175903
1.1837103366851807
1.1291584968566895
1.1206415891647339
1.1086065769195557
1.0584217309951782
1.0538047552108765
1.0468733310699463
1.059779405593872
1.0551741123199463
1.0488505363464355
1.0195342302322388
1.0095702409744263
0.9948883056640625
1.1849814653396606
1.1790904998779297
1.1693038940429688
1.1618435382843018
1.1563986539840698
1.1476231813430786
0.9999709129333496
0.995062530040741
0.9881782531738281
1.2763316631317139
1.269102931022644
1.258230447769165
1.1368438005447388
1.1280399560928345
1.1140949726104736
1.1661500930786133
1.161542534828186
1.1539143323898315
1.1890541315078735
1.188410997390747
1.1874703168869019
1.1527714729309082
1.1494457721710205
1.144097089767456
1.1275689601898193
1.12356436252594
1.1170421838760376
1.2748653888702393
1.272204875946045
1.267594814300537
1.0793559551239014
1.0743056535720825
1.0665391683578491
1.320602297782898
1.3103302717208862
1.294294834136963
1.2258179187774658
1.2213613986968994
1.2153984308242798
1.1796231269836426
1.1759284734725952
1.170194149017334
1.2828593254089355
1.277115821838379
1.2678828239440918
1.3157390356063843
1.315519094467163
1.3135886192321777
1.1514313220977783
1.1468491554260254
1.13943350315094
1.0803196430206299
1.075024962425232
1.0665663480758667
1.0985517501831055
1.0935169458389282
1.0851448774337769
1.0422238111495972
1.0357637405395508
1.0265904664993286
1.256941318511963
1.2518972158432007
1.2416859865188599
1.2039549350738525
1.1979972124099731
1.1884549856185913
1.147627353668213
1.1439145803451538
1.1372534036636353
1.1497206687927246
1.145077109336853
1.1375477313995361
1.1893211603164673
1.1834075450897217
1.1734861135482788
1.0728087425231934
1.062518835067749
1.0477293729782104
1.1963684558868408
1.1904163360595703
1.1820100545883179
1.296929121017456
1.2895337343215942
1.278751254081726
1.0586599111557007
1.0535926818847656
1.0469492673873901
1.4110262393951416
1.408875584602356
1.4052070379257202
1.1930274963378906
1.1910595893859863
1.1864049434661865
1.2151470184326172
1.2052419185638428
1.190901517868042
1.1433253288269043
1.1393632888793945
1.130758285522461
1.0883572101593018
1.0828933715820312
1.074723243713379
1.2051448822021484
1.2035138607025146
1.2011109590530396
1.1214206218719482
1.1186387538909912
1.114687442779541
1.1455155611038208
1.1392488479614258
1.128554344177246
1.0989798307418823
1.094204306602478
1.084992527961731
1.2064416408538818
1.1999342441558838
1.1899385452270508
1.242383360862732
1.2373682260513306
1.2268037796020508
1.2926925420761108
1.2884749174118042
1.2816866636276245
1.242940068244934
1.23933744430542
1.2322505712509155
1.1983983516693115
1.1948695182800293
1.18782377243042
1.2141356468200684
1.2111378908157349
1.2056374549865723
1.152400255203247
1.1461621522903442
1.1353981494903564
1.1211134195327759
1.116688847541809
1.1097644567489624
1.0880460739135742
1.0814220905303955
1.0715911388397217
1.1211241483688354
1.108320713043213
1.0940861701965332
1.0626795291900635
1.0541267395019531
1.043562889099121
1.118320345878601
1.1103256940841675
1.0989021062850952
1.2102558612823486
1.2076921463012695
1.2038109302520752
1.15156888961792
1.1463621854782104
1.1392970085144043
1.1325334310531616
1.1220512390136719
1.1053935289382935
1.1999166011810303
1.1931755542755127
1.1829112768173218
1.1843342781066895
1.1792094707489014
1.1734087467193604
1.082802653312683
1.0790772438049316
1.0730199813842773
1.1782234907150269
1.1773401498794556
1.1750669479370117
1.1574277877807617
1.1515953540802002
1.140275001525879
1.159574270248413
1.156064748764038
1.1500872373580933
1.1554244756698608
1.147527813911438
1.1334805488586426
1.1762629747390747
1.1724202632904053
1.1668479442596436
1.1250245571136475
1.1207489967346191
1.1125541925430298
1.2039963006973267
1.199828028678894
1.1922131776809692
1.0615355968475342
1.0575774908065796
1.0511828660964966
1.0579534769058228
1.0507551431655884
1.04012930393219
1.0090726613998413
1.0009568929672241
0.9894464015960693
1.1058794260025024
1.0961546897888184
1.0817807912826538
1.2145730257034302
1.20564866065979
1.1931164264678955
1.1696614027023315
1.1687262058258057
1.1656455993652344
1.2364377975463867
1.2346603870391846
1.2315346002578735
1.3122659921646118
1.3033839464187622
1.2898286581039429
1.3516156673431396
1.3490092754364014
1.3452792167663574
1.1832762956619263
1.1770116090774536
1.1682041883468628
1.1665973663330078
1.162649154663086
1.1553617715835571
1.1391011476516724
1.1353880167007446
1.130041480064392
1.0690324306488037
1.0624127388000488
1.0515602827072144
1.1203945875167847
1.1143006086349487
1.1036906242370605
1.1200792789459229
1.1139466762542725
1.1041303873062134
1.2327206134796143
1.2292771339416504
1.2227039337158203
1.2000069618225098
1.1965001821517944
1.1902230978012085
1.1142007112503052
1.1072425842285156
1.0955963134765625
1.175993800163269
1.1710823774337769
1.161319375038147
1.0720210075378418
1.067367672920227
1.0595004558563232
1.0876169204711914
1.0825520753860474
1.073772668838501
1.11372709274292
1.1116734743118286
1.1078577041625977
1.1370131969451904
1.1299744844436646
1.1191022396087646
1.2168492078781128
1.2094535827636719
1.1974122524261475
1.2093026638031006
1.2032966613769531
1.195693850517273
1.157088041305542
1.1499736309051514
1.1376179456710815
1.1233094930648804
1.120888352394104
1.1146938800811768
1.1672046184539795
1.1627603769302368
1.1558165550231934
1.1183946132659912
1.113429069519043
1.1049346923828125
1.1619468927383423
1.1575250625610352
1.150398850440979
1.1276063919067383
1.122592568397522
1.1150978803634644
1.1727595329284668
1.1683152914047241
1.1618988513946533
1.0817742347717285
1.0729511976242065
1.0600529909133911
1.107409119606018
1.0977145433425903
1.0828227996826172
1.0174560546875
1.0115998983383179
1.0035808086395264
1.0826811790466309
1.0729873180389404
1.055972933769226
1.1894783973693848
1.185285210609436
1.1790270805358887
1.1586068868637085
1.1570143699645996
1.153145670890808
1.2036634683609009
1.199353814125061
1.1922352313995361
1.1847589015960693
1.1780604124069214
1.1686838865280151
1.1808937788009644
1.177583932876587
1.1709614992141724
1.1665003299713135
1.1610952615737915
1.1521594524383545
1.1027748584747314
1.0963430404663086
1.0869165658950806
1.1486055850982666
1.1446431875228882
1.1385635137557983
1.0474016666412354
1.0410573482513428
1.0306040048599243
1.334542989730835
1.332699179649353
1.329459547996521
1.206223487854004
1.2007489204406738
1.1919887065887451
1.1466929912567139
1.1416621208190918
1.1344496011734009
1.1663188934326172
1.1634987592697144
1.1579997539520264
1.2535711526870728
1.2487895488739014
1.2407742738723755
1.240570068359375
1.2381353378295898
1.2334234714508057
1.1543676853179932
1.152066707611084
1.1474263668060303
1.0597314834594727
1.0530837774276733
1.04038405418396
1.0685712099075317
1.0635828971862793
1.056807041168213
1.0993187427520752
1.0894100666046143
1.0765340328216553
1.1337512731552124
1.1270184516906738
1.117376446723938
1.1379591226577759
1.1320809125900269
1.1232049465179443
1.1386891603469849
1.1314709186553955
1.1219481229782104
1.226125955581665
1.22365140914917
1.2200660705566406
1.1343863010406494
1.1288224458694458
1.1198798418045044
1.0804436206817627
1.0708385705947876
1.055492639541626
1.2100142240524292
1.2028369903564453
1.1918495893478394
1.1805834770202637
1.1776134967803955
1.1719796657562256
1.0751240253448486
1.0664299726486206
1.055185317993164
1.0943729877471924
1.0859216451644897
1.0747913122177124
1.224958062171936
1.2203067541122437
1.212206482887268
1.2515311241149902
1.2458101511001587
1.2370519638061523
1.1944398880004883
1.1898300647735596
1.182281255722046
1.1885812282562256
1.1841838359832764
1.1774098873138428
1.2757010459899902
1.2737627029418945
1.2706611156463623
1.2027426958084106
1.198773741722107
1.192056655883789
1.0824729204177856
1.0785832405090332
1.0710798501968384
1.156049132347107
1.1499191522598267
1.1406464576721191
1.0745341777801514
1.0639469623565674
1.0491079092025757
1.1665406227111816
1.1600942611694336
1.1480919122695923
1.2487964630126953
1.24430513381958
1.2369142770767212
1.1366500854492188
1.130383014678955
1.121004581451416
1.185417652130127
1.1807842254638672
1.1716099977493286
1.1729741096496582
1.1669493913650513
1.1579586267471313
1.0731737613677979
1.0662320852279663
1.0532890558242798
1.1789300441741943
1.1715246438980103
1.158567190170288
1.0831880569458008
1.0785702466964722
1.0708906650543213
1.2497167587280273
1.2452491521835327
1.237929344177246
1.2388256788253784
1.2360808849334717
1.2319767475128174
1.235721468925476
1.2328871488571167
1.227825403213501
1.1600995063781738
1.1526674032211304
1.1403261423110962
1.2179099321365356
1.2121024131774902
1.2011829614639282
1.1098413467407227
1.104102373123169
1.0952383279800415
1.036556363105774
1.0303925275802612
1.0219813585281372
1.1859716176986694
1.1830980777740479
1.1768302917480469
1.0823862552642822
1.0760022401809692
1.0664803981781006
1.000139832496643
0.987940788269043
0.9702417254447937
1.0915533304214478
1.0847355127334595
1.074745774269104
1.1969811916351318
1.1891376972198486
1.178809642791748
1.2414445877075195
1.23590087890625
1.22800874710083
1.2360196113586426
1.2309030294418335
1.2238759994506836
1.0735690593719482
1.0633141994476318
1.046552300453186
1.1574887037277222
1.150152325630188
1.1379791498184204
1.2506266832351685
1.2472952604293823
1.2429649829864502
1.1689975261688232
1.165848731994629
1.160448431968689
1.232297420501709
1.230442762374878
1.2264693975448608
0.9933483004570007
0.987668514251709
0.9776768684387207
1.2541013956069946
1.2524378299713135
1.248967170715332
1.1375592947006226
1.1314729452133179
1.120045781135559
1.169598937034607
1.1679258346557617
1.164729118347168
1.1283949613571167
1.1252557039260864
1.1182912588119507
1.0980132818222046
1.0950958728790283
1.0897457599639893
1.2047522068023682
1.2003231048583984
1.1930925846099854
1.1766266822814941
1.1716309785842896
1.1622154712677002
1.3269751071929932
1.3215492963790894
1.3126864433288574
1.091599941253662
1.0877103805541992
1.0807526111602783
1.1449692249298096
1.1366550922393799
1.1214704513549805
1.1230255365371704
1.1195282936096191
1.1140486001968384
1.3333120346069336
1.3317749500274658
1.328660249710083
1.4080438613891602
1.4044158458709717
1.3981305360794067
1.1265678405761719
1.1233612298965454
1.117882251739502
1.2726318836212158
1.2663724422454834
1.2552120685577393
1.3383963108062744
1.331129789352417
1.3158851861953735
1.1178278923034668
1.1149115562438965
1.108489751815796
1.1160379648208618
1.113775610923767
1.1094344854354858
1.1512895822525024
1.1477915048599243
1.1421353816986084
1.227517008781433
1.2246840000152588
1.2190097570419312
1.1520583629608154
1.1467713117599487
1.1384813785552979
1.1554723978042603
1.1512813568115234
1.1432154178619385
1.3950101137161255
1.3915413618087769
1.386117935180664
1.1899926662445068
1.1854140758514404
1.1764791011810303
1.1506834030151367
1.1438207626342773
1.1318225860595703
1.1093974113464355
1.1042523384094238
1.0973906517028809
1.2775179147720337
1.2713189125061035
1.26210618019104
1.17177152633667
1.1670496463775635
1.159286618232727
1.1753058433532715
1.1687830686569214
1.1579324007034302
1.1588325500488281
1.1546497344970703
1.1484318971633911
1.1215319633483887
1.1126891374588013
1.097572684288025
1.1266378164291382
1.1193008422851562
1.1086770296096802
1.1096127033233643
1.1034032106399536
1.0933946371078491
1.120528221130371
1.1124064922332764
1.1003975868225098
1.0492901802062988
1.0385318994522095
1.0233160257339478
1.0596718788146973
1.0494636297225952
1.0370547771453857
1.1871098279953003
1.1721502542495728
1.1514703035354614
1.1144417524337769
1.1043680906295776
1.0884193181991577
1.0740960836410522
1.0680432319641113
1.059941053390503
1.2369745969772339
1.232738971710205
1.2258236408233643
1.2991158962249756
1.2915971279144287
1.2792108058929443
1.005267858505249
0.9965507388114929
0.9839568138122559
1.168642520904541
1.1642677783966064
1.1574084758758545
1.1069360971450806
1.0986998081207275
1.0883917808532715
1.1745529174804688
1.168818473815918
1.1608017683029175
1.2269631624221802
1.2161376476287842
1.1984320878982544
1.0820051431655884
1.0726115703582764
1.0607796907424927
1.275899887084961
1.2713958024978638
1.2645800113677979
1.3586291074752808
1.3524545431137085
1.3434107303619385
1.0517113208770752
1.042083978652954
1.0272507667541504
1.1856391429901123
1.1801413297653198
1.1724705696105957
1.1577109098434448
1.1532866954803467
1.1458741426467896
1.0487627983093262
1.0404232740402222
1.0258746147155762
1.2074865102767944
1.2020994424819946
1.1935601234436035
1.1264863014221191
1.122922420501709
1.1169922351837158
1.1303391456604004
1.1266980171203613
1.1200501918792725
1.22413170337677
1.2181427478790283
1.2078696489334106
1.22413170337677
1.2181427478790283
1.2078696489334106
