1.7652064561843872
1.732651948928833
1.7022066116333008
1.7724857330322266
1.7554152011871338
1.7334071397781372
1.7556861639022827
1.7455620765686035
1.730412483215332
1.7142736911773682
1.701784610748291
1.6834709644317627
1.8326749801635742
1.8200992345809937
1.8013956546783447
1.7066571712493896
1.6990910768508911
1.6869401931762695
1.7259788513183594
1.719937801361084
1.7113335132598877
1.7911152839660645
1.7815759181976318
1.7660739421844482
1.8161159753799438
1.808213710784912
1.7952344417572021
1.7412440776824951
1.734076738357544
1.7229712009429932
1.833829402923584
1.8267302513122559
1.815564513206482
1.8383760452270508
1.8257325887680054
1.806094765663147
1.8682225942611694
1.8612329959869385
1.8501861095428467
1.7375590801239014
1.7271677255630493
1.7108752727508545
1.856096625328064
1.850402593612671
1.840804100036621
1.7569918632507324
1.751706600189209
1.7441458702087402
1.742433786392212
1.735743761062622
1.7254372835159302
1.7383463382720947
1.7272446155548096
1.7092534303665161
1.697624683380127
1.6901439428329468
1.678290843963623
1.6273632049560547
1.6111780405044556
1.5855839252471924
1.718043327331543
1.7080892324447632
1.6914472579956055
1.673033595085144
1.654571533203125
1.6290714740753174
1.689690113067627
1.6677541732788086
1.6368744373321533
1.741807460784912
1.7365870475769043
1.7266569137573242
1.7107985019683838
1.704930067062378
1.6966044902801514
1.7423216104507446
1.7367241382598877
1.7258918285369873
1.8098467588424683
1.80475652217865
1.7959357500076294
1.7646911144256592
1.7559082508087158
1.7424442768096924
1.7577252388000488
1.744724988937378
1.723525047302246
1.7966673374176025
1.788965106010437
1.776554822921753
1.8956019878387451
1.8925764560699463
1.8870081901550293
1.8983606100082397
1.8956514596939087
1.8906476497650146
1.8027836084365845
1.799088954925537
1.7929145097732544
1.6988422870635986
1.690338134765625
1.6757371425628662
1.8228302001953125
1.8165497779846191
1.806947946548462
1.6441123485565186
1.6297670602798462
1.6148157119750977
1.8901704549789429
1.883650779724121
1.8741164207458496
1.8184586763381958
1.8127938508987427
1.8035117387771606
1.8537436723709106
1.8501477241516113
1.8439030647277832
1.785636305809021
1.7814226150512695
1.7747043371200562
1.6940279006958008
1.68862783908844
1.679385781288147
1.7027003765106201
1.6967432498931885
1.6872235536575317
1.8549792766571045
1.8507877588272095
1.8440282344818115
2.0194203853607178
2.0140600204467773
2.004854679107666
1.662649154663086
1.6564884185791016
1.645695686340332
1.8364663124084473
1.8293371200561523
1.8170890808105469
1.7390971183776855
1.730067491531372
1.716414213180542
1.6857023239135742
1.676685094833374
1.6618947982788086
1.8218222856521606
1.8123010396957397
1.7951440811157227
1.6168274879455566
1.6033344268798828
1.5801914930343628
1.79610276222229
1.7902549505233765
1.7809876203536987
1.8365322351455688
1.8311092853546143
1.8225462436676025
1.7977190017700195
1.7928826808929443
1.7834839820861816
1.7579761743545532
1.753301739692688
1.7461943626403809
1.9507347345352173
1.9457237720489502
1.9363057613372803
1.8216066360473633
1.818129539489746
1.810826063156128
1.8375293016433716
1.8343247175216675
1.8281692266464233
1.6624244451522827
1.6564857959747314
1.6457223892211914
1.99346125125885
1.9880638122558594
1.9787533283233643
1.8783419132232666
1.869675874710083
1.8524446487426758
1.8196566104888916
1.8104197978973389
1.7951030731201172
1.783697247505188
1.7818021774291992
1.7782323360443115
1.7907495498657227
1.7866990566253662
1.7803840637207031
1.597243309020996
1.5848511457443237
1.56405508518219
1.6264517307281494
1.6157958507537842
1.5946810245513916
1.8647016286849976
1.860769271850586
1.8542550802230835
1.8123366832733154
1.8080358505249023
1.8001108169555664
1.948390245437622
1.9456104040145874
1.9402186870574951
1.7642778158187866
1.7581803798675537
1.7472082376480103
1.7453863620758057
1.7360581159591675
1.7212133407592773
1.7029697895050049
1.691068172454834
1.6699806451797485
1.7888303995132446
1.7810659408569336
1.7676366567611694
1.7385894060134888
1.7314221858978271
1.7205462455749512
1.8620128631591797
1.8560423851013184
1.84562349319458
1.7204104661941528
1.7113913297653198
1.6980671882629395
1.884443998336792
1.8755254745483398
1.8609040975570679
1.9852724075317383
1.9781014919281006
1.9658832550048828
1.8727545738220215
1.868638277053833
1.8618366718292236
1.7184902429580688
1.7024357318878174
1.6772822141647339
1.7275853157043457
1.7210915088653564
1.7118393182754517
1.6987237930297852
1.6898163557052612
1.6750569343566895
1.8338255882263184
1.8289350271224976
1.821244239807129
1.7576189041137695
1.7506227493286133
1.7412426471710205
1.6562926769256592
1.6482741832733154
1.633493423461914
1.7404729127883911
1.7277617454528809
1.7087575197219849
1.7381616830825806
1.7311047315597534
1.7170073986053467
1.7905027866363525
1.7817285060882568
1.768423080444336
1.8105628490447998
1.803950548171997
1.7924244403839111
1.8071682453155518
1.8023722171783447
1.7945380210876465
1.800175428390503
1.797911524772644
1.7929973602294922
1.9194040298461914
1.9149904251098633
1.907731294631958
1.872140645980835
1.869253396987915
1.8646032810211182
1.9275732040405273
1.922033667564392
1.9116227626800537
1.7705399990081787
1.7663081884384155
1.7605453729629517
1.849839448928833
1.8450300693511963
1.8379595279693604
1.8172802925109863
1.8104429244995117
1.8005132675170898
1.668491005897522
1.6575963497161865
1.6389949321746826
1.7452597618103027
1.7285267114639282
1.7002514600753784
1.880707025527954
1.8792392015457153
1.8757432699203491
1.8069181442260742
1.7990920543670654
1.7864437103271484
1.8620423078536987
1.8585100173950195
1.8506066799163818
1.9213565587997437
1.9150068759918213
1.9044528007507324
1.689562439918518
1.6816413402557373
1.6677714586257935
1.962902307510376
1.9597899913787842
1.954681396484375
1.6965579986572266
1.6868863105773926
1.6669518947601318
1.8634910583496094
1.8584024906158447
1.850205421447754
2.0699386596679688
2.0648176670074463
2.0545239448547363
1.8295040130615234
1.8263452053070068
1.8218684196472168
1.6348673105239868
1.6235425472259521
1.6083664894104004
1.7417559623718262
1.7358462810516357
1.726945161819458
1.764686107635498
1.752631664276123
1.735548496246338
1.8148516416549683
1.8128671646118164
1.807735562324524
1.8114187717437744
1.8003528118133545
1.78338623046875
1.8024747371673584
1.7987205982208252
1.792893648147583
1.841207504272461
1.8364717960357666
1.8286242485046387
1.6282562017440796
1.6151649951934814
1.5951521396636963
1.790666103363037
1.7869911193847656
1.781266450881958
1.8013230562210083
1.795424222946167
1.7864934206008911
1.7476744651794434
1.7400848865509033
1.7259262800216675
1.7558889389038086
1.7458457946777344
1.7282651662826538
1.7830591201782227
1.7753957509994507
1.7636394500732422
1.625427007675171
1.6215152740478516
1.6153028011322021
1.7162647247314453
1.7074997425079346
1.6940958499908447
1.891005516052246
1.8877899646759033
1.882291555404663
1.7703182697296143
1.7604761123657227
1.7439624071121216
1.8339353799819946
1.829097032546997
1.821171522140503
1.850193738937378
1.8443543910980225
1.834078073501587
1.8149442672729492
1.8063015937805176
1.7907636165618896
1.7919127941131592
1.786323070526123
1.7766804695129395
1.8580684661865234
1.8527371883392334
1.8451974391937256
1.5937516689300537
1.5804239511489868
1.564076542854309
1.8995511531829834
1.8937129974365234
1.8843414783477783
1.720198392868042
1.710181474685669
1.6954569816589355
1.706284999847412
1.6954783201217651
1.6772159337997437
1.7415951490402222
1.7309093475341797
1.7135893106460571
1.8092974424362183
1.8052709102630615
1.7991633415222168
1.8208370208740234
1.8151347637176514
1.805941104888916
1.7336747646331787
1.7274765968322754
1.717131495475769
1.6605949401855469
1.6415493488311768
1.6078333854675293
1.5859876871109009
1.5719218254089355
1.5466547012329102
1.8399927616119385
1.8354270458221436
1.8272746801376343
1.890584945678711
1.8848702907562256
1.8763923645019531
1.7004141807556152
1.696947693824768
1.6907145977020264
1.7993831634521484
1.7929344177246094
1.7830358743667603
1.985998511314392
1.9817681312561035
1.9722635746002197
1.6147751808166504
1.601276159286499
1.5775227546691895
1.752634048461914
1.745649814605713
1.7343295812606812
1.8088655471801758
1.8030726909637451
1.7927751541137695
1.765040397644043
1.751619577407837
1.729609489440918
1.7574084997177124
1.751613974571228
1.7431446313858032
1.6914905309677124
1.6852561235427856
1.6748178005218506
1.8006343841552734
1.7935459613800049
1.7832419872283936
1.8770055770874023
1.8729379177093506
1.8667442798614502
1.940592646598816
1.936453104019165
1.9304673671722412
1.8500107526779175
1.843977689743042
1.8356621265411377
1.8713183403015137
1.8658334016799927
1.857529640197754
1.7496716976165771
1.744268536567688
1.7366368770599365
1.7636961936950684
1.748423457145691
1.7227697372436523
1.8297858238220215
1.8266009092330933
1.820992350578308
1.588611364364624
1.5822868347167969
1.5701549053192139
1.8423454761505127
1.8343009948730469
1.821883201599121
1.7867398262023926
1.7783615589141846
1.7626454830169678
1.693299651145935
1.6853458881378174
1.6745502948760986
1.8420703411102295
1.833509922027588
1.8194732666015625
1.7893197536468506
1.7815303802490234
1.770056128501892
1.8321200609207153
1.8264914751052856
1.8170627355575562
1.8228306770324707
1.8129322528839111
1.7957125902175903
1.8977336883544922
1.8887975215911865
1.8746533393859863
1.9513100385665894
1.9448215961456299
1.9348294734954834
1.758279800415039
1.7471907138824463
1.730834722518921
1.9904930591583252
1.9852627515792847
1.975032925605774
1.6438950300216675
1.6352837085723877
1.6182193756103516
1.7944798469543457
1.779805064201355
1.7573144435882568
1.6936354637145996
1.687046766281128
1.675458550453186
1.8269246816635132
1.8240149021148682
1.819793462753296
1.7944693565368652
1.7922117710113525
1.7865493297576904
1.7367613315582275
1.728389024734497
1.714372992515564
1.8604347705841064
1.855879783630371
1.8457765579223633
1.7652466297149658
1.758080005645752
1.745992660522461
1.8776906728744507
1.8707501888275146
1.8586965799331665
1.7869398593902588
1.7833240032196045
1.7774391174316406
1.7780447006225586
1.7727972269058228
1.7630928754806519
1.958613634109497
1.954261064529419
1.9471111297607422
1.6933631896972656
1.684489130973816
1.6688264608383179
1.8307886123657227
1.8246732950210571
1.8144733905792236
1.7504339218139648
1.7442619800567627
1.7356150150299072
1.6907851696014404
1.682284951210022
1.6709694862365723
1.782869577407837
1.7776885032653809
1.7702224254608154
1.6620733737945557
1.6467747688293457
1.620923638343811
1.7671492099761963
1.754351019859314
1.743934154510498
1.8215899467468262
1.8184852600097656
1.8130195140838623
1.8891212940216064
1.8819059133529663
1.8700215816497803
1.737852692604065
1.7323862314224243
1.7217333316802979
1.755834937095642
1.752143383026123
1.7448334693908691
1.7571290731430054
1.7518600225448608
1.7433679103851318
1.775039792060852
1.7694040536880493
1.7606239318847656
1.7577106952667236
1.7497155666351318
1.7377104759216309
1.7904183864593506
1.7838876247406006
1.7739763259887695
1.8441307544708252
1.8402764797210693
1.832946538925171
1.7692890167236328
1.7641122341156006
1.755892038345337
1.9243898391723633
1.9202533960342407
1.913342833518982
1.754987359046936
1.748802661895752
1.7388825416564941
1.79691743850708
1.794152021408081
1.789635419845581
1.8488409519195557
1.8427081108093262
1.831257939338684
1.628014087677002
1.6203854084014893
1.608276128768921
1.8113298416137695
1.804574966430664
1.7924325466156006
1.8232016563415527
1.8181750774383545
1.8100273609161377
1.7497384548187256
1.7434089183807373
1.7325794696807861
1.8257789611816406
1.8208041191101074
1.8133642673492432
1.8746404647827148
1.867150068283081
1.8552985191345215
1.8174140453338623
1.812434434890747
1.804735541343689
1.7278692722320557
1.722707986831665
1.7147595882415771
1.772315263748169
1.7674126625061035
1.7599458694458008
1.5806925296783447
1.5694475173950195
1.5513064861297607
1.8575650453567505
1.8519351482391357
1.8428740501403809
1.7089229822158813
1.6994720697402954
1.6835048198699951
1.8502851724624634
1.8438892364501953
1.833627462387085
1.8139498233795166
1.807887077331543
1.7991528511047363
1.838412880897522
1.8314623832702637
1.8206150531768799
1.8437535762786865
1.8377869129180908
1.8296312093734741
